216.22940264076357
160.3377062129543
148.22406744867584
209.10525761663226
242.89301164389227
204.1585185019768
192.50410652488046
160.39054471656848
233.6444327010207
187.25631070811602
171.93903076537615
190.27891201990715
238.54048668983717
224.0849374440313
278.10259406924894
190.6355281802334
267.5745944324384
153.8150453788739
215.68667416578094
189.32037546475883
236.64895139522014
263.1244035380947
128.86323381622967
170.91066677355423
248.04279609460716
309.9169477205052
199.36683079100632
261.0286297270546
191.24950365344287
146.13085706967243
244.474505149011
181.2259457548751
224.12464013169358
286.44154849815186
287.5640953938513
148.02006552583916
139.15447810116584
202.21148837763948
174.16269749611686
177.9647282186783
214.6687090971978
216.10201266939026
152.14076387648757
171.87602632147548
164.454385207092
195.37291785249093
248.7784265052421
172.3262890655782
230.6228126309432
281.6907073453214
179.6596013546036
192.37933079100202
208.20718311765458
192.9422110841202
282.6331817930362
221.92799901730965
323.9768878990985
222.74966989283652
203.40894598991278
207.41185634328528
207.56595116019108
138.31816617533
226.53428930061037
237.2392303765427
182.89159780804601
169.0142201641481
146.86149559891462
178.64946667103078
174.87605608262172
178.6627693458794
178.77565835582993
140.65661404526819
182.7329560313593
208.28325214723822
188.02660261513478
203.26617542631064
194.93211848916144
165.3034337265228
207.16354886135153
184.81236800845818
171.5205402085914
187.66620879809042
175.87365378377737
192.1576054993884
158.2552771653751
191.74731690388677
159.72686025304031
146.21256612406887
162.49075154901504
141.3868846088671
229.94211968561552
174.39329032610968
180.34024860068413
234.46850226475715
156.31840787512428
255.6048352348947
141.51249427430926
130.09863124390458
176.9562599026593
147.16687649025747
245.49700123925905
192.69272274928153
192.58931816441722
271.2716543179187
162.93145801827268
191.20900912283614
276.66372381758174
188.02606990565783
199.69020290143172
198.56844274246635
169.87051044744803
155.29966839727825
298.45110116235696
233.4249906636624
193.96023928561573
267.45371901048946
200.67610327743785
147.82291785249683
250.44002583012107
287.4810160877842
137.63004057178645
161.09393697396445
188.71263436318836
207.64509678254464
239.90427276427553
209.76376802126683
157.19129297532865
214.02455956509687
183.24632333470043
218.4159265052426
192.85881100722386
176.76726188957295
168.8592159552855
182.97558650606643
198.66785412133578
186.4602654361287
188.96417807552837
156.31827289244012
242.53619226175724
151.6770881297935
232.81728442944168
199.2176647225601
182.3406201769605
204.52841778841233
225.9523980687063
164.9762803487419
151.45503185494744
188.21678359618303
186.20332339877396
176.83117061922536
273.2795986412961
182.30864115719461
199.19609035173536
180.48348874083408
138.6095962484048
172.53560364063117
165.48226579932276
231.54906533359932
204.05926676073486
177.67619617150913
213.33883626039594
196.0223764261769
165.61335796701255
244.24670001717217
195.88372172378743
178.7426262445865
196.5825583045674
203.12329453496787
288.08677727224153
216.4509087724601
264.39041994627627
178.8466441055235
275.293241016215
233.72579844471286
210.6391918985685
189.48825996673588
199.73896763244682
228.5678592275368
236.56561295568687
217.51241009706354
169.2754217622395
230.51418318173086
209.59910742221743
386.15393244469396
214.11940293987547
184.149635025496
196.88542656932378
162.58959323599703
205.7434463530984
276.33476759399366
340.4406914072097
192.379034675118
237.52948470292645
175.82152145030614
230.16497863530427
195.19212690688576
253.96118504047888
175.39443631166185
229.78025761662946
193.32612942794654
206.75548910402054
191.18092530879545
328.81274768205697
255.93545782603118
289.6799840406168
252.41790131614962
143.69493054315495
248.10014308002272
209.38700875964162
213.1195640730685
145.57535352311368
166.118374503346
194.33521463067493
259.76039319754113
167.99120008125658
214.30032525752844
171.66529940613657
172.1965599282917
139.398217579012
202.04612521908373
146.90641592965756
227.3164381704116
212.3060443533721
235.05842199726618
239.37664109311044
305.0884400291577
251.11239776958965
178.99151363081245
258.47519899167986
178.45021854042636
156.67177547757996
158.5782813101626
147.29831918991732
146.8025192283631
250.22475045943744
191.48364115719014
219.67759257368613
209.81910321335576
148.36297617832878
137.9566561338847
176.96590396537343
212.91400972106354
217.0438615135601
182.25559943176802
297.5161297270558
199.9160861428753
251.71258505329806
215.79742723162664
148.75368264758558
162.2609295176575
260.02973262692115
183.55207530379363
170.45141533143382
153.05268397219712
180.18005871047873
187.72925503858596
210.49893997926952
169.16060264358512
205.0448141976804
213.9467065334128
164.58380370043233
257.6624258286638
270.4395412269793
166.40435324535852
185.43329323881042
194.5336014756653
202.30895420822526
232.43549962261054
148.12596679919582
191.3467965218837
279.84168227728514
242.6849925651227
250.76045753400132
167.43643296451663
180.44460516464412
192.76597241099464
156.5411523879192
149.7365592303652
193.09298960254185
238.93007855122735
201.36840086033806
181.26085135815063
282.9082589554829
191.62613615070117
173.54542286608284
149.20268737634117
194.92172056296613
186.035400418817
194.6088772522615
174.9221739093872
163.1825186230484
291.3232108562398
193.15016653141427
173.07924100905092
187.55651994765321
243.14599625410727
168.31748636219393
192.89425583621005
223.98681956736436
200.01966128280128
310.2031238731183
214.1437477816822
199.24942478890992
169.0017003233839
198.92590827394346
169.29274910630684
176.2669536527142
148.37493425349845
197.44802888524933
157.20549321318782
219.46050543384794
238.3985615947313
235.37522945782945
172.09771243009598
159.52507895006752
218.1017971201039
145.65802808762325
205.1207896281765
282.2985064736027
247.41462200007237
158.75688330561513
233.41771623302733
163.09075856379314
354.8610435415522
185.44733504258008
198.7986549873245
211.45432958744414
178.6287421698801
276.26847300211614
215.14498595627663
320.4331467192022
167.26864276664517
186.03088803436293
210.50817278416878
216.18724825884263
210.3078026179395
155.84983264258537
213.45089665148706
186.01662416505968
268.6970113661243
213.9452196442509
166.95217932179148
220.03099645352714
159.22473684291006
207.97898507320147
232.20552808050496
198.2621713028827
206.58681616323085
177.7530846045948
166.60774890689362
251.9099586948137
165.5760287285728
227.68232943075287
213.8541345839417
227.1350148129892
285.0613323506197
247.72518977631253
155.29203542286652
299.3536565825801
142.2778896010985
369.42181835673057
331.21759337130914
225.9631922261251
248.69247432671858
304.0779032176207
199.43729275455937
171.172500989964
147.92984145913096
136.53669711867192
170.98349646062692
163.55855839001663
251.9671975530811
207.04990959854575
129.48404901088048
252.81715546447316
159.1325200330947
209.31790202116875
214.92470978086885
133.22814894107418
159.99125981004823
188.5226539048419
162.73925764509607
207.53878786202668
151.9910062813099
245.3242564344272
325.6008705864895
220.97102090905824
178.99944122554177
157.60822309112902
179.03882895359948
143.9307631785644
188.72554732306588
204.9971971542753
197.33410031483592
273.49168468436096
237.6097612842414
172.01575275256263
229.91688690914646
197.9070245980415
129.6426779615686
260.50937808550236
223.69017314027622
157.79803369944344
149.27921776415468
185.72033769179748
203.41779800318443
219.42762885106907
199.84498014506045
253.20207970495764
177.54287877628087
169.33663037510922
248.32870107828322
244.00929291123367
158.3819428279142
225.595256918694
164.5607100657179
130.29347922637308
380.48096798146145
289.05126200352487
208.4229272743443
205.7109587802703
238.0708012506094
229.86508796599298
278.56357982601446
240.59159710300702
218.62994747119947
187.98499638227605
203.92157105221398
179.0613956900673
210.02339805444652
240.16099605470424
263.61996470545347
414.8579865830546
284.2837533934846
171.83083432330162
171.7494237918722
215.7553132362563
188.33805433783235
170.0095091655573
171.95586819359184
377.003231295258
304.19020219640595
151.34990860150413
194.25268978341953
224.70407605871017
183.82094735723874
216.09827759980507
194.3413309547764
190.15186967489626
227.9589798601918
150.24488915956587
227.73126641888655
314.94701817439176
187.72084574632922
183.80046796001082
187.8866410004928
216.61026834173944
196.66656223566667
155.67739076192777
184.65385440618257
190.96344816196103
172.09683861050144
262.7085032688733
173.2722953610607
231.2020985486886
235.10494406706695
234.34574272536668
258.78876320707496
215.92135620795474
251.6416367845354
203.87606019177022
155.17184342467837
245.22116560561014
168.0274783432838
168.67823992656537
278.2614678318331
235.04478613858652
238.36093171822964
258.9228745603103
213.78828321163297
284.0454214560037
170.79830466185317
151.15965286508785
269.3586014756466
233.03715486624918
203.21562407961616
215.48865819203309
229.62445284798136
164.18000018523355
169.7697769232482
199.89485047506923
188.97435364417294
159.10653638428823
194.92746771788694
254.77316195934932
152.49626762954662
170.65882935242274
243.74932998626178
154.1346272130988
269.663404663283
154.975970409811
207.50698636931529
322.5123179507861
191.65759167633462
189.17034315050387
219.09181516263482
359.14429410772146
217.7498636500219
261.85566511777637
218.66921820926038
214.6996281139668
179.78228429051828
214.93593312828025
236.31899213782424
179.51307162548702
213.6822588877915
319.6461306350365
159.22960617232033
199.17487778281344
183.26725242494416
159.25111485711716
226.4948910076235
204.90047001457884
217.01108118622307
211.05932734055312
191.26205190578537
271.2075285434083
234.22779504770546
153.33137234545998
250.48527415294888
220.17376591682105
239.09120008124123
242.0022633957637
213.53084474218883
199.34800819344775
206.97258506392993
186.43703883053013
202.42141983938652
229.9697044717005
170.19975693291582
322.84341372911183
196.46156744866212
234.30643877926778
217.72231870919393
144.0114186429402
180.8712964363954
185.30097115759207
201.71659525493254
168.13223964880092
209.39397470414926
201.9606036406182
170.1800503461444
231.85088262194054
177.8453808807004
210.25380530278716
184.88046114818673
223.2370054587502
210.72195690728353
201.86760370469577
259.0514142738778
276.79819472936884
312.7585508162339
329.90171549598836
170.8310954685688
181.80314919031287
203.92657646461032
200.97648282276106
268.9545358181196
174.57543153659964
237.92771448110605
195.65077920571602
156.61813641417703
146.35861861730982
202.95906098581483
211.48075545875196
191.01538974709075
271.0743352989605
193.31734787211053
171.3149430201696
223.60903633087156
223.88336533782405
235.5732553091953
237.26843327783715
168.7085257232391
209.77496631846395
261.57751125929354
256.42335075636277
169.72792672951084
306.3615279131531
216.74088908478745
222.88939798322065
186.9625846152613
171.83311131055885
199.91152716536425
209.29249412473325
270.13768591641184
142.48117964580484
220.16395380939719
190.57166695513934
247.52919941893916
231.3656227300466
196.98664620994256
160.08280647783897
205.49623149814914
249.77979600912042
155.59457926338752
171.44533623898448
205.01023928561014
211.61245654409134
225.78264322957
246.05065655049958
234.8173591420473
228.18876110973866
204.8518061466867
156.4182888305311
218.64902971846297
226.76659089651358
251.8403712558803
250.9642796864226
172.88038494000574
192.7881724886099
175.91065550360975
299.4669175213283
197.72659931423956
344.46846814521643
209.4974667671353
229.08899664579351
180.03373510878717
163.68884528697538
189.30464284498274
250.25992212541559
227.04631822848376
224.4574182156647
184.51697554804983
167.79945645861747
209.68007904975218
248.2237466778325
161.4555286395321
206.9934245610022
155.06956182971436
167.03649304580549
225.46795498444865
141.3623244242623
177.86667943216642
279.40010715513597
438.30220070093117
247.07250885574973
190.04628155582202
204.82206212882636
194.89651273345774
260.55512804988166
158.0714426890187
266.3736196642017
217.1962717814469
221.45661479303678
239.3425728860108
172.57060695213983
204.00215742644193
167.89876081063005
207.48322599671874
270.6984189954856
211.6086044845186
300.5260840384418
156.75081874123453
239.23441481866803
170.78918604457414
259.0854240162109
152.16928239972484
165.7278574328507
245.58466884593142
239.1195546084438
220.97847400980245
180.12806501307975
234.3552209439583
246.28640961634966
190.3521215015585
179.20867633427895
257.91690699916705
195.21393201730842
270.41530015390134
284.2795891766764
240.62777761403134
179.85027115118564
143.18074238349828
223.25048489515214
311.78426825630254
187.2731362646169
266.5955173589492
181.44574448792704
234.840341494738
206.2739999573191
249.81240393332294
171.05704333850613
187.50183590783098
190.7355985344183
253.05188746106418
332.5980263749198
189.78240875105018
179.14689122125827
150.76306216086758
214.33574117640214
167.5031219822715
225.25268907838054
188.15521764307462
198.93795077558931
189.2664069136936
203.0043231316901
163.92323607020413
211.4757048028517
279.9840940478391
161.4168949814526
249.54506446829026
167.80418995431927
279.1503375849933
213.04074719058383
213.06614236427268
190.21383295950054
206.72596318853496
205.4902609281431
188.39151468833518
180.0861635581401
198.94829559249658
240.03043649323988
215.15625915486132
172.59963863612182
262.65495458921436
184.82189557967612
210.20739281294308
290.2961796351695
204.43496496181734
174.04784270183427
154.57299872882894
189.9563687348246
175.69583993509707
165.19459159086196
310.5270213862363
134.07330972528902
197.1446275157415
236.79697434095414
233.42101339576325
205.63309281934846
237.02418649324088
170.9283208456655
191.96151664321002
194.8712351087871
251.64754627619354
179.4649981840407
182.00688220531296
159.1559535743642
174.70714675473124
195.45727115334844
170.73881035770896
262.17101441704386
233.9733139598403
243.13831600232783
180.2750389523305
339.61233884551683
210.94270080766503
194.8216074948274
174.07707839174503
248.4795866855673
278.0789355297315
218.76617699449397
185.90434366541186
148.6902099475117
227.2121553477091
207.9611531855764
187.61401357951627
244.60929375730927
215.27224938690878
196.08033043634742
287.93479628261605
309.26763261982694
228.33380313644503
295.8958202111641
205.9911833697326
328.65751417347445
155.40983921725922
374.06024745550866
236.40932538570806
246.72628149390312
228.96299662442354
281.4083363244956
188.34019166781275
277.7878596505827
258.7560347392204
196.78796992700288
222.73569767986447
276.29580686246834
160.96300155541383
284.26456636337605
192.5160123745577
200.01199710301415
209.88463719189954
139.77978318169886
139.4826357561491
234.5797065761716
214.00085039534537
307.03840715300794
199.8431563133731
210.44941016117494
228.135084279895
171.29246391495963
242.3858503953368
240.2236097766052
174.69290896045797
264.99682177508
183.0926769987406
232.6140316114274
238.74383332060617
199.4495895740732
181.40721511779125
236.66248832209695
183.36796644026592
181.8902253387055
152.52395261297616
183.4830526599843
204.20645248908812
211.8507888305603
196.18389573140476
144.9976755544976
236.06469526994718
307.89609077476524
223.40303293603705
239.26966941854255
224.7131667735809
131.18836879893675
366.38659100978515
187.63533188059424
206.96937300354423
206.27750167082115
219.96514669069109
241.32797690047497
224.3650325770941
201.97294816057857
208.57661795503424
185.33993300867363
231.7456941931283
302.9554738880607
259.0283784131222
177.4166943127755
193.4994992693879
257.9039378200143
280.1707409649396
214.0182039312104
198.47016437215413
238.49580422175325
199.3849904884775
144.56842916724617
234.05557778925748
178.983174593072
262.0035929411505
207.02393841824616
210.42921884382028
201.3900087681697
210.16043060300794
324.30001549383076
153.83560099994378
214.80658428413975
303.7735282400641
232.44070669582118
174.23144491737605
151.41939621423765
206.03800564038664
191.36928125461418
219.21479135162573
271.43866989713047
195.80217507165722
136.95517712263683
168.17614068289294
193.77384029407546
195.92607827208988
223.7237674230706
191.57699217202256
246.38212805205208
224.0388179294044
212.0426201171722
168.93610990050104
247.31888935615856
182.8113944110345
196.2032306286351
219.60313250446148
145.18941798066746
178.9297564842817
195.93146090680605
221.34257743032103
166.14757743032317
178.71396944841408
399.4335575781327
244.0620011879738
259.0930483272245
256.30034991250915
152.66733152166455
181.80047413587783
156.65934017867067
210.19455590318336
182.5187079007832
186.69545092518723
140.5739441952557
205.95055806530488
275.89611807042746
277.9944400975425
336.44212371926335
148.3848728881501
164.63130470459643
196.10028052824535
202.7799309661849
152.41736230405203
168.70713587155237
221.95675876605512
257.53716232117864
226.22507670819698
152.70312000176898
165.4185075674683
181.99011879680887
199.58360773411903
242.19040679407894
192.317149818488
177.67806456444697
173.92793072689443
205.03137961808034
222.25221018680097
330.2872862967139
377.58749733800346
177.74605097644192
195.59627596468403
294.1721637654007
212.1490310132013
251.04678954844093
184.46754520368026
233.91822221090018
157.89757190110424
211.78037456744033
256.6681920267449
264.24696258610487
197.68690739656168
222.44104111446467
181.4021036449065
244.68860255534835
181.05152187335037
200.29803582453624
193.80620020518435
163.1978718028377
227.76498759997813
200.2704909713153
217.05240847763042
296.3783467846993
228.84371691673263
186.8255252404381
190.5914791864981
230.68194310993516
253.58558476272412
252.24345128411687
176.214507088879
241.95250371329783
261.2907592446381
410.12903629452813
207.87509414187215
239.15091484862333
202.8979853181978
288.9947710294311
190.6601846943417
241.65566196648783
243.75910039746307
326.3983592873609
246.22944936128832
227.84147629799708
204.260448882699
254.41436314156596
135.50401562201014
362.12164007184464
281.9448473871736
240.61783524343653
185.95213935829105
184.30665366840333
187.23844864340597
329.5998485836245
275.270898013169
217.402800974317
197.8460460454498
197.89659125761506
224.21795164730574
193.4663354869824
158.10599494088518
150.38719275312312
257.0984091955075
217.11445922325225
231.0978030167957
232.3143582105903
165.82804219977692
271.3122787250445
217.83128702313144
246.50410592668092
229.21669635525103
155.12792928264741
280.1145797120826
168.8140492929039
342.55553774308345
210.0546232449642
209.0974604282113
