190.82660983639386
164.32830777040996
195.13319187715584
285.1543010298499
214.30397259971662
253.26936190878027
168.86728038077223
321.2966132868509
191.61144043503037
207.94012083925617
171.52573817463275
211.05287050810327
202.05298083584685
192.59301631205756
169.78059613087333
182.2838261975385
246.23146492977668
173.17849866474825
220.82934311846228
191.6468026856087
262.9417817908512
140.0769901295127
161.54424902794307
178.12503636291066
166.81772635991368
305.7260060249529
137.80170017736566
255.06774018294604
198.21970266638178
180.07344981417046
271.02867032009686
297.29462901131825
221.76644719698916
244.94029685302027
198.34623075036714
217.6514661368671
201.16772274927658
199.5841589860871
191.2475019442347
227.44680268560643
206.91469409910192
182.85586068029608
195.24423670046997
256.8147895462697
166.96097085847939
138.01168935609664
157.24556050510554
219.25032631505331
153.85823141267457
247.7896222493408
262.88454438539827
261.5746927424551
209.6432046532989
162.29043364103126
155.23470582835233
203.9411510811103
168.56714720339914
162.57145501649137
183.01223408328954
264.497642780901
162.1534199034719
218.01761061621477
194.00644494300283
202.32095206815808
202.3417476712947
209.97421370128504
324.1878357796995
195.35800789433412
157.3567998333945
182.44886242153345
200.0018928770197
187.11030933005273
216.72334459262746
163.4616813870419
195.63878034873088
295.39880694791697
241.27932207415373
161.64230758881348
150.5839804192182
182.7684078751105
187.51656368846818
179.78174466952277
259.49326928178596
297.77792025602815
204.64348153019057
215.79359185793152
159.80920723843613
223.00658428410682
256.11929441743854
244.39451071450418
187.03406714955145
165.6758495599132
259.67391472254826
287.467379128827
233.0010920074883
214.08201177203915
264.9760699056408
214.53435710169427
153.32422708629502
401.4949923088264
214.19443992228375
255.40118309623682
304.698912917249
208.88866130414937
198.63013421361993
192.0392009251461
281.5522010106213
219.08262579589982
250.10425638812686
180.8178936568426
266.68217906897183
271.16460992187024
142.43676375896044
181.75501261594295
230.61057387947338
241.87308365384249
245.51997593263656
174.7960914092649
233.71403182289316
168.23974851519546
227.3531981904489
183.7776313614081
151.2092660129479
189.46928570060516
185.71081663680118
206.5497130389788
224.5062232299803
267.4570553562193
192.7105056403436
159.52703402344588
238.74174150755246
171.39607833401053
169.41115303598298
233.16215426447383
209.06888977913252
209.8038902278037
277.26083662357445
181.36191872841616
171.45294416318504
285.06007964798766
132.00956573946416
226.53315670005767
209.71691241512542
122.3628081336033
191.55351609842143
235.77065670005442
215.09002975050274
291.13014473578215
228.16413523911837
234.5572578302518
266.97221348764646
255.43927607578607
246.61505590101072
297.4291493612716
234.93560544593203
187.63273462807987
189.50119287061378
149.45256748070355
233.14768922793237
217.62835315990705
141.7868522946129
238.13669701539573
200.69096093455033
170.08466554505154
145.1058309191527
209.2133292633861
229.32555929801234
222.42812017694965
388.8279997651401
236.8840660920152
226.58419491096285
382.0208193288612
229.04604571000974
202.80471905316327
226.19986545533664
150.8246124856132
184.97445645861566
223.57455445888405
236.04980593305072
203.09447584716185
177.13770471737695
237.52293017994614
254.21554471654963
171.99692278772338
195.55690835582118
180.50750855663773
161.57249397518282
245.34186341498753
215.77873781144115
181.67178780504
241.3240899885315
217.91670302957579
172.64093223094122
173.89581272705695
236.2893743858089
186.32567504171217
164.05158368588457
206.49913749310727
201.4967667607275
166.13104285780025
193.67461939712737
197.01360252964102
252.9203184955543
215.94332986161314
213.88147725724852
253.3383405333206
200.42796956591167
224.040880367952
238.01723648683023
171.0348372004049
214.7143700273942
158.22279880790225
273.1078413451812
193.31053179085632
243.85163162848323
303.90051359877594
186.22788719399358
181.41578056236372
210.36147274927467
231.36689828233256
229.3497340832866
156.48201974110037
155.79159450715397
176.9805460732022
362.42726563915323
192.72879733373185
190.42154429992289
183.96439362480336
186.4348538862913
230.94500930441984
326.2956048370977
204.22615514041138
172.05331829256423
256.0403284194832
261.06151303257093
182.38011242153297
324.10300337574284
168.8168888177176
158.77610869338034
209.35909946379266
192.4501651818621
187.73977647101907
171.60882183912113
227.24649785288776
174.24483073755474
177.39942925057056
211.68078341457752
196.49305479003894
296.8838748879326
170.04981826052511
241.76412727006607
261.1858043093271
242.8895293552681
216.8851130197564
169.5344140708862
255.7235398453854
188.70932298213418
311.27928253864724
229.67127613986816
174.16387940653883
212.85573260912398
277.26208496781004
174.82130951164942
204.9487379609981
191.72769524211722
167.40610418540783
223.80628455758836
230.75420994109288
269.3317225676809
195.48924120844495
144.85319127893288
221.18990093155196
176.4306810558897
189.46650597149926
253.56134648341916
235.47383776658677
224.70899168915068
209.6702353758624
177.7289490023109
188.47916455159375
224.75539801526128
341.3906699248936
213.5360329338678
173.47097747088404
202.21117046965458
210.9414638828825
197.06600738158625
218.21977632146184
168.826306808992
182.5144690852002
174.05741566257015
274.2706251335929
214.93038929842496
177.613972300609
312.8893802398127
266.94795377735363
206.82268848015684
167.1125951374176
218.4460413515916
227.7199831539095
195.89740363421262
169.71833963598823
218.09304426788327
165.5861443191489
169.95703642699013
196.3015975089195
170.111814564411
250.91360072432292
221.8499688715628
237.37431275909105
181.82667552241898
266.7425946781035
198.20997909460883
178.1079019250097
146.91264774818814
232.7778923001917
194.00549962616697
197.96993054314018
179.71320044443925
142.9693698778401
216.38185755036503
168.40414967102333
353.9016331240816
200.9111809918095
200.3458940414315
155.82770065807384
254.08439632745979
252.0505741785829
147.4278189548697
224.99343763625527
262.77148988382993
135.25382559931612
223.37013812337105
221.38652355472504
202.44885986843298
254.41103729228593
173.10355127552307
188.39683605738813
200.1473379481811
223.54085571300658
217.40257619753945
199.7755164616139
304.0491854357257
174.047995118194
233.17325861007475
220.13268276508643
153.00853805070997
276.60659194340747
174.11203266679738
283.1403676452501
183.5752098235772
191.78408713632308
239.36982968001314
235.6953010618826
247.13779113795434
197.38698621975726
182.52251321417268
181.51440956291117
237.40513857203868
289.081989670204
195.9028643443686
147.5902409413733
245.41096980094048
234.4951530039418
196.22338412814622
210.04453536945087
139.01906429733808
169.39410097000186
176.49381176563705
212.00146433155095
186.77421731192348
196.44993219890264
174.85010821267053
211.81465636890394
177.30960060680843
160.15803510237967
137.4646127847288
280.04372036713113
196.36540643298423
199.01340366624936
184.73884348165464
230.18766337654364
234.25305704402462
283.30899934845974
201.10409089651264
205.77867828915225
178.9428261655011
153.50443090633317
167.70061371410412
214.80845026284106
242.60237191818632
246.6708301607219
238.65382454177336
240.73738033590797
208.3373777828141
170.2302535679557
142.68085196345982
177.58506763026077
203.73753019917385
212.38618279712713
205.8670009507769
175.82278137422725
233.68894764565988
165.3873839465515
176.94914982057853
179.74363394654978
214.0616567320969
203.97388601894048
222.05133731791884
178.7642237747706
182.6112205273261
193.517337349958
145.0956218327154
200.92517389869516
234.41392043761607
139.59186522030888
218.30794656672572
239.920992351456
295.74938790973926
246.96279474859156
220.4872271717698
204.68648071832743
224.59886061621305
277.7046602786548
203.94544220830772
183.43812243093953
223.43879087088538
173.77446698077048
305.6781935222903
200.81098138063285
208.80500284157327
171.4369582639356
188.6920325172396
178.0930329979487
237.42450981716578
257.00780361498306
168.33556080422073
262.3886174102117
185.73486696154262
165.33516052433
178.81082280053838
183.1428787762706
341.498473849639
180.32156353891713
269.3281147609929
220.1717036277999
219.32528858485426
332.2784090715778
258.4156016857434
206.40001351328277
192.0746070696574
158.16192850278938
233.88420543311454
189.93864717135753
290.0012556937897
209.7248988271198
323.9492195552847
161.50754628684027
216.47464118921928
236.39508040640007
144.54733103666712
224.4220287570451
229.64889909419253
189.70540417899798
313.377318249895
206.3275192283502
180.3596891424588
187.37802728288233
166.05279610524255
234.93860327742297
201.92139188356307
165.71464435118614
280.02723438240633
179.07762083925803
196.88640270483094
220.07979781443825
194.35981435077628
235.23633085506899
180.10770380939815
226.46846303897985
258.2523105905797
321.83423158364315
173.71180840067493
188.95435289283313
138.98213367947838
184.66102060639716
192.0109541725916
198.35835917409022
182.28064768411002
203.24625254246135
158.592717643076
172.17487703503204
207.46181892282934
202.86163313468873
223.60129087088063
218.8714706448421
172.58441407088597
164.04847702221716
230.86819232582266
199.4989088685669
228.99404294327314
241.85182974409463
108.15243355555337
192.94957911382855
170.60845387347615
226.75555734313437
187.2453151946759
241.84344199467202
203.05467515922422
183.2484120839721
163.6515231060606
191.5879104922883
226.06695269842413
192.7825383177831
267.3099736786519
243.43589359276166
221.3188328099424
137.50718012651433
229.92225557626537
176.1989930458027
143.76472927620597
178.84578477122787
226.52416289583016
198.88851324620865
176.5843465795437
192.35018442084942
230.54660998594724
240.19622352909713
279.50036734613695
189.60483734995807
141.92085406789025
294.1821395334584
170.80963578390717
213.03589720340014
191.5976333162833
253.34516427387376
217.63740318553928
190.22590982998634
263.9825495877156
169.87952560572
296.68163297450405
214.1270373243256
145.8632715464181
265.5857139683547
243.43130996031442
204.35191031069115
203.05424947660964
199.52418468792504
176.39319593646206
217.85362026242674
133.91754779304694
168.21393998636293
170.20275146352475
233.63536629924178
190.4620519057851
165.12196923476083
318.5345161198401
176.71088848656538
158.29811341499075
250.8790854805576
207.1715871363199
414.2598525190536
256.3872192027155
215.09503470714708
228.77683846093132
193.44338427770103
157.13958812978143
270.9970407747611
225.8073507243242
164.03117603516543
148.57128336113954
153.10688401063035
247.94922241811818
203.29175383502763
151.61556065466306
192.93476970906133
220.84995579631078
201.23932358036183
216.51874607960855
222.25140916767944
154.52277446270952
230.58797437299393
212.92933801226138
215.4030755352346
152.0389784643444
202.5113747490057
189.505329776137
279.2293210166172
179.36454348806103
254.0741908516585
227.93645170496637
139.70308605739027
158.20928089351614
160.7823561402793
230.70756446829117
237.51245038035447
198.99388797381874
170.0273599004732
195.71914741703358
220.80117257408236
166.2546526193539
176.64365934927883
210.2974754839711
239.05605412773278
203.40353278431374
217.42275055554592
190.3722758727955
241.42305102984284
199.18949523570754
172.02835857586382
190.7881706832904
180.1859226061283
195.07303104307556
252.66099520366768
235.14828762343998
226.55171038976036
223.62120173700345
178.6495326667976
251.59290312145922
266.8416950605167
159.93501246638732
186.80228263475595
219.95836969623957
178.98349235145756
213.80618730509937
164.37349626120707
167.88701162248785
147.3527768662538
237.82077499685192
221.8482429817209
167.376833354733
186.5272844400756
196.5123084861508
245.29131657272046
249.64419535962915
187.72927923775669
226.89521868997159
236.32289786570348
231.06630785588746
223.1024963787192
280.46144809433
167.2674494830183
174.60589044144163
177.50428795459138
180.67505921253587
257.81313986460674
217.8142796864223
198.1697149938559
223.19856705343025
244.6457775499471
181.7946405909959
159.99128351069822
212.37779610524143
262.9327274067994
151.95824193482807
204.24924346243031
211.80751727347413
291.2922285177807
261.1212866620188
140.99985599072596
181.25287667184026
206.16466178486183
238.5284065184592
251.9223045763996
156.26347476822804
158.75141277831528
322.2872348310912
176.7200716895655
170.02746225916198
165.87736500667197
282.49025912282946
167.64003771955834
169.10395771914858
268.9770906828771
213.3150341089203
195.05362748370126
153.69559823530673
168.98506943557715
240.77244136440373
220.4798722173012
193.16117152719218
175.31574027906484
207.39191857886115
216.0877824211201
147.08043138704568
191.25464103966337
255.5831164167537
186.2229127462769
148.60251667525185
161.0910407533667
176.0373095436913
223.71857081362316
169.4929103427341
167.277144351188
232.7379358950165
310.3394800454001
198.89083136782057
188.46774995732102
258.53630184170555
173.1663114665241
204.9545506986902
254.1718647609923
200.63424752173555
254.21505409569198
212.5882363693162
256.9071623830834
183.79684477422492
159.03966794859764
130.41800504212262
176.44546580571594
232.87454648982904
207.52184657954237
251.93093147251923
181.6447080823389
227.41017179426441
164.3215330299884
199.2846583237785
220.22228278431348
211.23452875704515
261.8097055185907
198.88880500367262
163.69921731192477
163.85929757940912
165.42176962358104
382.05496299636326
201.44086984579815
207.43957760762365
204.14016548097229
193.33774319535857
166.10453071192177
232.76196156481527
207.6146686963764
223.40370008124353
207.70877178144943
273.5022790241146
185.80376937790808
416.0275915161901
189.55007228779075
185.0783629342817
232.76895185452256
190.79368475200502
199.61105578349597
269.1371989061893
251.92839960694073
230.9815781203719
234.0466992693802
241.32693029746258
218.98679607320076
245.15366235104466
186.8211930201692
159.85434672909966
211.72901107770105
223.27242648383668
184.94836053073607
183.14658277790537
174.57899544934523
238.80515089951334
173.8818803999927
202.23170077558754
209.93042958172498
167.9896871875841
307.2301875721941
232.47836623516048
161.94042056577544
152.2474634662562
280.50467335390647
205.12518622616923
270.8693485237737
209.77293017995174
149.994401444303
261.2779957164179
164.61971244075718
220.1397808294368
159.57126051151428
266.84647755635956
193.66895110673943
231.74492437940398
280.21831137040334
183.9989237491422
172.1994793082429
160.87612282616917
261.9011007243218
217.78945856304438
172.34291650647222
175.2654949686377
321.23002538146204
169.7564677926325
169.10534029829077
192.72537892582784
150.51198186134448
196.50273913605363
271.74267705001745
201.32790207456665
215.54297677654156
192.3216187027869
174.17104315691083
215.50807358035885
201.32904444948088
207.52644945097776
176.37914967102358
190.31409495582122
173.3249329466876
260.53634648342245
193.12802037136194
177.1049153634586
181.65888391451062
298.15454017655105
188.78105593305352
209.19766743584617
341.9209245503867
196.30916950823556
142.03516668806552
207.86198260912414
167.35296084907623
203.2117496261689
153.40419611806024
169.38435274328097
221.34865558908055
185.06545032692057
186.89620970606194
180.39502343721122
209.9347294257577
203.86180404225772
163.46682929542743
164.16153152378257
259.0223125454537
287.1766991198305
363.71599654971845
201.74433034231996
197.33837826352297
183.40132604798276
197.1575365124618
212.55806305820582
274.53416589760036
159.56678901212734
197.76134393032422
149.4334135901805
243.33678629882715
172.76462330687744
183.62834624839064
212.23443150455762
191.59141127210893
265.3119895206432
208.1677114793401
183.09435063884894
239.62872803706767
211.13545738799348
240.02116836522427
213.10698892241547
173.67330175622908
168.7538535551431
324.6537795903366
218.62374231941786
265.69530797339957
212.1805529847179
220.5839408836991
185.8919483400062
234.54764278090113
224.10901092814072
192.00348558949443
173.53881372050893
183.73581844211998
177.30951568179393
227.50518682439224
146.41784646202714
144.28101490197372
178.04721454518554
163.06767630224056
207.73122939372135
197.04470808233722
163.17169416318347
182.12235643939312
191.06413959753766
191.53608554464057
196.791100275655
183.11696938431217
240.9337743345461
167.10684628043003
182.3833969042881
194.43048113495863
222.34748600612554
142.48179547497926
213.07473153018827
182.45958392091836
146.51480909502024
143.43491085548266
204.9284119344143
197.24747984238746
307.90920001718035
162.2247859462815
168.67583542712663
232.7477487502286
163.54879237709122
168.38429577408797
149.7044642781146
362.62238333771313
286.1059594283488
149.70024319535722
208.0312355574535
369.7153299150885
246.76398537585766
183.79284465670787
223.33691872841655
129.1319961436911
244.96166364360974
208.1778048220739
181.71336699358602
252.42264022780063
199.44298294027632
205.89211563693632
197.7995457420485
185.7184648443005
209.24048008806548
217.203021119144
149.39447074096202
186.0028617912697
279.7355702688355
274.5822026663838
284.60740227756355
209.47630755677073
194.82739040940004
152.7346532175793
221.0785712622914
214.69446532501078
194.02956844212088
199.3503342841082
143.7016660578007
175.01289561171833
149.48000134601008
172.4559035166929
365.61322809055514
155.2968168183992
176.77374773537272
242.3882160727874
332.7922677435706
185.0532526065367
274.9063756463422
123.47711459004576
318.4757694313613
168.38669446229648
289.2244833569112
243.19612552882444
149.11173655091434
217.83202048887566
206.48994376795156
173.75554171478458
171.51210887497626
250.21398973427424
268.22895230318926
167.4586229757259
243.24633130373505
170.2098731252832
125.6630323997244
230.9830060890114
228.077291351594
245.6526382729261
245.213594560587
205.25529204593695
207.7706882665221
227.74235223052776
243.33225527715229
207.8148904093999
195.570114525964
209.8604617464098
168.21843688847412
192.10114461826032
311.55005273905994
106.67299001199684
241.6352269581345
200.0895942935155
209.0562609601831
200.06699478703916
218.85535847974396
174.86942068329293
191.79703311546388
189.62592651587346
256.3657577127376
218.5689747041496
214.16710947319754
408.97202047829455
186.90780031410225
184.97274980776288
152.69501216727684
240.52477872500444
153.6800467355114
205.02052096958607
183.28345462125807
162.54142795800104
211.16269058458565
160.51767555445858
181.3793782955625
217.06683620694534
194.36651649365194
178.70072148874576
249.290034856703
186.29858554464164
197.34895967402028
155.9442893112432
172.05450275609408
169.2206069521403
