178.84311686544274
245.31071907456263
170.177967760604
174.96315835583002
238.06403948220603
191.93702980395392
187.10203371370096
189.3257984447196
208.28854886134806
280.1147173867604
180.79160652488338
138.30270501650187
178.5498926633986
215.91271492978692
233.85569743203556
158.47511692952148
255.54395951383066
183.62898748030142
166.0627359740992
176.72864055896758
225.44221980095185
272.3363338462046
229.38009648343166
160.07564602836106
373.69833600406645
217.58594695132888
159.3946518609469
174.72816737178147
202.96558680518083
184.2567033287028
192.73225857805193
192.77266382522313
225.0474323378304
161.74056937150874
158.74758686926128
208.64347611424662
169.5372192027294
228.52192428329727
246.47273717054907
242.35962900067463
203.6878463018401
246.50692909038662
195.5928381832313
226.61214884852853
170.033001730611
175.89388616851127
237.3985870402116
210.33942849216052
521.1628631159884
221.96674300313435
167.99664410552202
293.750668568224
158.81334053333774
178.16732502249658
172.47305794138248
173.29376351329574
162.4933026535815
207.49448711710588
200.33933410251998
180.66347551602067
252.86203491015252
205.1990058113161
190.579800367554
289.5722167885422
223.93115829174815
168.37322268521106
192.38287546475775
204.27311235746376
179.53158577968918
178.6319835064807
212.3022543691907
160.376898731021
218.58238123326018
162.23565805671768
217.90668377995746
159.74764278091715
197.76689392392413
326.6218118404767
210.85089283435457
225.16011451532796
181.09438550620362
182.84329032611046
296.15872321934927
231.4308375209233
168.61108554465292
191.67854405426024
198.63806546176087
209.86832008725008
212.35369647061805
186.30959263776538
179.43458031029476
137.37232051452665
255.96997051669396
204.4356929240672
305.425242575858
203.57513436319223
178.7286877537866
144.62292656933332
209.20422556946002
223.66946756836742
158.72859847035204
167.20232111274726
139.95150822550036
210.60993955909774
235.92379897886622
186.30293438882097
220.42462269801683
228.88276663257554
302.9047844294361
172.25364055896492
285.8587319361843
147.2931538478583
172.0586658121368
343.64849564170265
219.46169159945177
207.16817638772875
180.2366952100911
168.95460075637598
192.39589584676227
242.78271582712617
191.2447411443778
184.35935604417597
241.60399258649946
193.30565895405445
156.739309447587
150.60154670347973
160.23695284799305
220.86913658513592
226.32227992147165
158.90699944458595
181.35566767089495
135.8633441439743
177.11267645180789
198.49391231901865
194.84516352610618
153.27811146012442
198.5051893775041
166.51632273647223
218.99842590702073
222.2198899500965
222.19766021458267
227.36243114137312
149.2408270094111
210.4253129300613
223.19842951765307
320.99961908737583
300.25823620912007
160.78982472338424
281.87846498322085
233.91249066366345
239.74130318772512
242.07748013087306
286.9183549545965
193.4677191386505
130.73404610525503
157.83952499687013
222.49963141485782
192.93314181949518
274.9038627100119
263.08900611042185
192.7051806606676
230.1219801949511
189.6924143059301
202.28040131615145
206.4581802974788
138.6408146819434
167.9696816220891
167.23567187975738
184.7527188395378
261.35609154818684
207.00281322917508
168.6204857925072
160.48963893524396
204.00677156782587
208.20608644198856
234.09047436236645
171.86862491997638
151.80570104267906
356.28407163624524
192.27944834001306
162.98362372352167
237.13181876263727
282.6070953297801
170.2370929368816
187.39100196564314
226.99446607279745
179.39561205835125
217.4917974192235
180.88410201690675
154.86681335733425
165.81485959073373
164.89135249761705
255.75584623775615
186.544998782279
132.16190565317612
216.57574763926334
127.29409300096181
207.135591313156
168.1992793873246
185.52895049788873
227.26222069829504
233.9303977055175
296.09956106065033
191.3797110841188
202.89493564935285
174.34252824431013
256.1474323378234
190.55302006162205
302.5409860275267
188.17678840327207
217.9176944837041
181.70038839045864
193.48005439482094
141.67056486353587
193.77595596727988
153.612934089711
181.71966057777755
221.7070851173765
194.72290552501576
150.49634798964448
228.17021582712525
158.4852269581501
208.82219935487393
170.64829814560423
205.21181786530244
273.0678135282738
190.64511782685403
229.61794851096968
185.15531203272005
265.40249606897703
180.93084474219663
176.9666958083158
221.3628303637319
249.95476338513507
198.48440684962753
180.97576507293937
183.70590065385198
194.10491430593325
204.1146984575304
318.5375691151833
280.5082834039444
189.82232562072525
201.88814602835814
240.00395049788082
229.121116502245
189.01221198146243
248.12005469393196
165.35263466231032
172.68000358937041
158.42500299114266
223.3899365466911
222.1019248815208
287.18211126788634
218.2182954323079
269.96828671547013
218.8306763877264
118.92511182331847
143.6824269325222
207.16605277109824
187.5681625646934
154.65958392093162
143.20586578651
229.47449643217024
183.81031624158524
156.1140800752593
137.05961729271309
147.9001466906663
165.5239288553583
214.90452168534466
181.71427968643454
205.22093071411388
376.8650237150486
170.67403407689056
161.50276092815784
260.4895264924296
188.09545964199205
174.70971529298444
156.84625870620638
230.88921294287337
198.45482141185906
209.06095056195934
244.3724112935206
146.2425405717851
243.54802456959086
290.51513976849486
174.93927968643806
209.5583116695266
236.9044113575941
210.57222039917633
187.22540071792943
227.86767343939434
140.63531985222184
237.29885700558376
174.17205054915146
205.5093139555562
237.26464043080554
191.84841719018303
169.83752042481544
213.91706377395755
202.91490167934117
243.64971198144994
198.44338322017526
181.82984245617263
183.1359382344959
168.99186416278675
306.4222727001895
182.81455475801297
206.20474595146703
255.6971993548709
201.5100498868445
237.3799825450551
208.76045633046792
149.78651303258957
182.41408518146272
307.83709953863485
175.74835766789835
160.90151333170428
177.314877024407
176.45812438582286
151.160615968104
160.4312932744418
200.8012259326528
279.35391712609544
174.6618933257011
208.12713532460742
176.20032886817
162.41282886817044
178.8478880913436
182.59711729270813
169.3642078366768
196.37050173060933
226.88825635609476
193.42267254205913
203.8346398325833
178.70640360218098
221.1704016152683
153.1708784130938
212.37455084826033
185.5376851686411
145.40746902113813
153.5630952229089
190.4756460283563
164.83528648044083
180.46749848316387
288.47355366843107
249.91172646679482
197.68883987102654
233.91991460504008
169.49555253606246
264.56140420040265
190.40747773796556
268.1415274538446
236.41500329024475
188.129360552147
190.82365378377642
205.5323899501019
179.57152145030585
330.03632151872426
163.06309161227438
198.30431485289827
220.52695825330218
204.99015209598278
328.7146665813095
212.0609643850007
186.7672865445152
193.74677547757517
257.8899206085819
179.8647369355191
162.7528327779166
263.950288275112
177.8728583301993
208.21799931642715
177.41924180668337
189.4916783746435
254.31514848533746
251.4724112935137
189.22815865494098
219.76967801144878
260.4730507201037
197.12700034192093
211.8767884032714
309.07789890196534
275.9354280648848
191.45569743204166
154.87053510239
317.0499464599708
143.02874216987752
127.16656294070134
177.62971980095608
167.69980848616544
217.74804561390542
216.31450905876002
181.9825459770996
188.405650237219
191.30513496141597
162.16854796401347
221.75751621594912
248.81206467129658
235.57486439781184
213.46731780122718
198.18709293687618
201.9775366620285
215.78833692269617
178.50031143449516
204.84084954927957
198.00774409270963
154.8529343888249
207.05012203571545
188.6841317780505
176.97543047907467
199.43642524472003
186.57457189256922
152.7650823612855
163.46908067348826
187.23455054915036
149.67662727007834
214.77296504730342
250.83718732651062
234.9567135411
169.12653076537444
179.1694907277466
173.16301465630883
188.65737251642875
241.4526187241937
196.03303149175377
181.41930493960487
183.86383264976374
217.58180132896763
154.47307387948752
257.6433796095332
165.00524379359697
188.02738935187372
256.8229614366661
207.28827378977343
181.19617963517416
154.62692699659712
181.16654339195932
158.13117422986082
203.70870067948306
268.04215305738836
200.4244194762101
187.2986625006166
278.74475135677403
233.30072298431523
240.90214914764547
161.27856509857386
215.34823650824455
171.08092530879608
174.92221529298357
252.97980186311418
209.5737045892265
182.1226340640786
225.5517252703463
171.5076758535818
167.5021389352448
190.91724084526098
137.80085647144398
186.50930523871855
196.3751379738273
143.91331799345946
124.19720657615007
276.2215875743603
269.90972039917466
178.9016831817332
205.80235087389374
239.12370969542687
223.61802397136805
238.61797316591662
167.65546805971618
225.7916907021108
242.78799000135592
176.4657356109089
229.17503424784852
234.01122202290125
199.07266021458736
211.6785317267832
184.96390300395555
215.70904760081763
165.55737973770005
199.5613867667332
161.00481630566296
216.70286403462504
186.5326337649654
276.4002251421835
228.13967890878837
202.32466478663773
194.76938189557055
188.2862256335387
254.53220416195498
172.82003726026093
213.68845086107092
237.64758836482395
230.0341456010881
155.22035803108824
204.62833722181418
191.65626351329405
184.12422858187003
171.1316191514673
302.5586498740196
163.13562468493686
189.31069292406457
161.74354796401533
159.2480020297271
205.92591387866088
214.58483072692306
160.46388195964894
175.2653378841201
221.29375629202102
179.49866250061507
145.56011301977367
266.72616790592303
194.4783916379022
148.03173308984958
169.60648416878465
207.44720296550597
183.9175456779812
325.35713741838805
135.25159750893815
193.65793859768246
168.58113575187664
320.33883053467446
150.05859035174484
172.28642885535658
143.76916485072203
183.09414891261082
156.5401803615588
172.06868294669567
305.37450664456446
265.8551277401412
120.49152446271775
203.39182568480058
212.53134918609217
204.64645109610942
251.56259377013532
186.60281534423822
255.440241379409
185.22568450634085
222.74888315609726
211.87939903012605
196.21963953346915
197.51757182849437
330.69462509091403
170.4573761270681
122.84457490498265
191.70295182249782
159.75920362781673
233.05181816441157
381.0602350554598
256.68051675009184
139.7826548092768
158.5378832842575
283.6655041235075
148.51936807253284
149.8737590053229
209.42770290143284
193.39075665521372
272.8403009016964
220.02347160626653
150.8423845447913
188.17217831056618
220.20906864512418
171.2129428065472
187.67840396537065
194.72408488234268
192.82577740040853
288.6836811307345
189.4450198265835
186.14531594246805
253.80603202589845
206.2359208008181
152.1555732812599
155.99442759482335
173.38870488834783
155.44698741622912
158.75029039018725
191.72557056796268
208.48324343040613
228.3576265436913
240.31656593182603
202.67669040299583
249.68851038336052
274.49896372268825
233.78607832338056
143.83324704104206
173.97808680518125
192.79304862630997
240.97428449351895
133.93270561473176
197.0731805965952
220.82727541349396
204.36005860368428
174.25908097260188
227.7569501346902
294.28443810632615
233.32351519045426
295.9673860403461
255.23950183748258
227.19186926898328
198.210908473346
204.95669100122674
174.48472400982115
232.68624817340861
194.7757142674853
218.2229019143858
163.7248418579442
310.31794490032985
267.9559057600434
348.5826926677372
141.0613221382466
181.0362379610101
181.8056887152022
169.90177968644045
266.60158667702336
162.52476639755145
133.78087811398166
130.61053540150695
161.4045042516727
222.531654018812
271.1421284024458
209.76833752092352
112.37706197928323
191.73585405726143
211.5233874290364
171.56817999836355
189.49712239891184
175.6078457036143
234.57186115037197
161.13777445208325
162.854050613227
196.63752042481022
249.75779639372547
189.24858193401457
167.67076447471106
196.30219845753177
242.31663267538332
155.56281143449726
192.7011243217423
195.01177577668335
177.0115130325841
226.5939805581443
188.70186896987056
196.91716899549914
157.77554802808834
221.4376989916812
191.2156586549439
354.83188849732403
191.09495669365896
159.35826447471496
218.5457398197684
123.98362733415782
169.23897485371793
171.04021883953652
250.05207729787963
205.25486350047822
239.4842682563039
132.65913899932409
187.18182598391238
219.7156216725264
234.59794910919808
170.89472371070482
246.3957572534371
239.75472129651826
156.3462130069571
185.03061686544044
204.7520881297876
184.40149228738952
247.2040187370063
225.99155210879093
181.86412727007578
282.1839562023066
222.13774108029776
214.26602811615115
169.60678900150288
211.27251651506285
177.57367843872083
158.1195625775094
261.0193413025163
149.44254057178284
245.8514342606615
200.9745087596466
189.61922076237593
142.7826968978933
198.3843226723931
187.34187287961947
214.30404700258623
217.4081628637996
199.70639127471028
174.39953702522428
134.23461368208092
209.62549000135965
211.47349775678128
184.29401392992557
202.7682903261055
228.39101939931228
345.2207797933003
177.53743114137725
187.200765072939
204.98673729870262
221.81374336632018
211.21097310183984
264.1133507457303
149.30402956892115
161.9370246977547
108.91877945140321
188.08432628302833
229.3445081614163
164.3804978208621
172.52399198827763
335.94805943693075
219.94357411451634
142.5652101227067
149.2595120711698
164.9732560569894
175.00654369107258
252.54978893741244
216.39473753374017
221.7541152417186
207.13018937750476
270.2153306628403
215.75802427048373
250.046379246348
218.6780287784599
301.84273296167527
168.57481720300353
306.8951157117785
219.5488149169716
229.1943572406227
148.87427938732569
194.71445314710192
164.9434797248853
207.41561656632288
233.8223343375567
182.31193180368072
229.0940524079062
243.84182718036456
227.0135103833612
292.4653429903109
357.79152023256523
162.2178454045025
209.57619256087048
260.19580444825147
199.9875712302681
217.575456629584
185.72141983940162
194.8924404564412
149.91152174942872
339.53537875498915
158.42161434438185
170.78042597110124
237.12792716754595
215.28370939631745
194.87226609843358
155.63404249462045
156.82113244036154
164.65339524853715
217.3926436782481
206.6849112935209
209.22094665221456
205.22097280272519
152.85989236428657
168.76352271084278
152.03518848016836
295.1667568261606
185.94757093115192
233.48668288261186
186.69572238609751
188.2180399094747
197.7593770884802
236.9974025766807
270.501798615667
210.67502042481178
199.89431004580788
203.26230487552567
200.9441612400807
168.14060784949223
189.87688129734323
171.97687258050684
234.83352871437893
127.74065354874524
177.1950459770966
240.01607381539907
182.46855157464137
173.56840787512186
231.1464721404175
211.75419580831374
309.63491278907765
226.568202538237
173.6593298936612
227.772115177639
195.58731359236262
142.95737973770215
270.64451476317873
128.47739657314958
179.36295152338474
205.47124276809512
166.19509167634988
189.55385249761505
275.890567256434
205.13960556345987
181.7403204504432
300.20503484607036
122.73612763327219
225.04367572542102
195.47735598009737
150.38599265058477
182.10496872202117
151.25190234165638
178.32032826994083
194.9421653848681
279.5034316114385
209.5010858437628
169.4664961971401
165.3573499765543
199.88082008725195
173.9521861300653
187.6717682563061
179.86545543312937
154.54662306122054
150.19647064485918
194.5756126565801
218.4239462890233
199.8332013417866
253.8338022903821
240.32387954546027
354.1334953425892
211.771861150373
250.06812197163768
154.9878535231145
196.30350196564547
203.9697252062707
170.69366190239063
255.93655300612838
216.89752162126817
182.73214825031022
226.50551164389677
171.17966027866683
176.2626590181343
249.76642584293933
173.5618512370856
217.96394658813705
168.70145380940892
196.3317715678256
220.35607411451335
164.4480738794847
162.50478293388161
146.05369136442272
198.90771943776522
166.53140721281773
211.8503252575314
202.1184725036117
175.31738454478733
171.41703762344943
244.3183796095418
287.09207398635755
151.18930073074864
251.73064662657848
310.1735413409538
219.79480938350292
166.63160171779492
137.54700335433597
165.82778197246517
207.0417466137657
386.4229890827334
239.62011421621847
257.29166243653134
214.13723663639655
254.04423458540842
153.4628622399494
296.3936264155298
200.36021973687653
204.50360357654583
212.89878515582865
238.63449974369317
268.95071065684016
231.12525340776617
197.84223723462983
191.00938219468483
283.5280585395938
266.9413750374821
194.93441556646255
199.62429321036362
154.81951687826373
198.96776994410112
200.95603924717028
213.79221619032003
180.03423338895792
209.1199058882028
215.90265209597462
184.4698550827575
353.8273030595579
130.51548880491504
192.50621270784237
169.52753666203475
162.67229947021534
182.8523175021165
192.5450495877315
242.49090907156932
199.63691225494003
167.94831557928288
203.73021913864918
132.8914700466324
254.13819832937332
139.5530693715129
143.41438490798294
162.26837811397613
234.77027896005177
227.73334653687672
326.40438819821077
191.47101850197544
251.05796985438775
244.10575695432445
206.73799000136356
166.3340091228406
230.81664500286166
192.3407356109056
302.39790340993784
174.70469003981137
291.82200634545484
160.51776483790175
228.0604352861595
176.1935269197025
193.85232111274522
182.25890751193097
178.73741009707
206.19919521008708
191.7371945477848
200.05237191820015
284.77281412650774
180.559736337289
164.8076214374954
183.64437678936545
195.80809973087923
153.54682628303289
171.81883536305818
165.97968493360685
169.53734185794275
179.3062932744379
219.59249126189133
324.4112619964401
308.598804085055
303.23898656167415
209.6204175533748
193.2732945349707
186.1227618254926
194.6665433919522
179.6804049267888
217.8977828698026
247.0219170620248
141.54710496524163
209.6275083964558
170.25598844172072
305.4291167372739
147.93632213824714
235.08326958090862
165.64947389229923
210.50090877245694
172.0957891296569
220.6779322737497
187.62025280954413
162.01206317573718
205.71228383121945
203.71438129733923
290.56289860284676
208.28238123326108
176.30051465630825
166.60372112556598
218.81308800163177
188.54580295269074
211.9364339615542
265.35343161144596
238.90292355691776
271.2439087083783
186.22310364062608
180.27160201690927
248.9945517455982
259.73033457259123
215.19581166952455
167.2762890655783
154.75670693933728
175.16980788793833
356.077916335632
277.3980543307307
160.30042176224205
224.86236800844867
174.95881461786465
218.11423398718327
211.3066242576643
186.87476639754834
156.00339524853868
216.52975827893417
179.20195314710625
156.7646055634664
216.9310320258992
204.85221589120616
182.29151724144577
182.76206317573443
196.07990919972673
250.5373484597055
196.6072709055192
185.27683920872659
